
69 70 71 21 22 

30 23 56 77 70 

46 47 72 73 74 

95 66 92 14 51 

17 65 96 46 100 

71 83 57 92 36 

46 47 48 49 50 

19 20 21 23 24 

16 53 30 32 97 

43 44 18 19 20 

95 5 6 7 8 

55 56 57 58 59 

72 73 74 75 72 

29 11 86 60 54 

12 49 56 52 6 

92 52 84 87 24 

69 70 71 72 73 

50 51 52 53 54 

82 83 84 85 86 

53 54 55 56 57 

45 79 10 84 73 

64 65 66 67 68 

51 59 60 61 62 

39 40 9 10 11 

29 30 6 7 8 

88 89 90 20 21 

64 65 66 67 68 

54 76 77 78 79 

3 4 5 6 7 

47 79 3 92 36 

92 77 2 11 19 

81 47 78 61 3 

50 51 52 24 25 

14 88 89 90 91 

7 28 79 66 29 

25 26 27 84 85 

20 21 22 23 30 

8 72 71 95 27 

98 99 100 101 102 

19 20 21 46 47 

7 8 9 10 58 

3 4 54 55 56 

84 85 86 87 88 

42 52 53 54 55 

65 51 71 59 77 

89 26 14 97 71 

7 14 18 44 10 

68 69 70 71 72 

8 74 90 61 23 

25 26 27 28 24 

45 46 47 38 39 

22 23 24 25 56 

53 54 55 56 57 

71 85 86 87 88 

21 49 62 11 35 

38 39 40 41 42 

64 65 66 67 68 

22 44 45 46 47 

42 52 20 94 5 

93 94 95 96 97 

31 32 33 34 35 

63 64 65 66 67 

46 47 48 49 2 

94 95 96 97 79 

42 43 44 45 46 

35 21 62 17 72 

33 34 35 36 37 

37 53 46 65 60 

10 11 12 13 14 

33 49 50 51 52 

26 27 28 29 30 

38 79 14 60 57 

27 68 55 34 17 

94 95 96 97 98 

61 59 4 5 27 

28 29 30 31 32 

10 96 56 47 22 

56 64 5 81 15 

94 95 96 97 98 

21 22 23 24 25 

97 98 99 100 101 

4 80 81 82 83 

87 88 89 90 91 

80 81 82 83 84 

82 85 68 29 95 

7 8 88 89 90 

87 88 89 90 91 

97 98 99 100 101 

19 96 32 26 58 

69 70 71 72 70 

12 13 14 15 16 

53 23 24 25 26 

93 72 64 84 99 

87 88 89 19 20 

86 87 88 89 90 

20 21 22 23 24 

20 35 36 37 38 

54 29 30 31 32 

34 35 36 37 38 

76 77 78 7 8 
